00000000000000000000000000000000000000000000000000000000000000000000000000000000000000000000000000000
00000000000000000000000000000000000000000000000000000000000000000000000000000000000000000000000000000
00000000000000000000000000000000000000000000000000000000000000000000000000000000000000000000000000000
00000000000000000000000000000000000000000000000000000000000000000000000001210000000000000000000000300
00000000000000000000000000000000000000000000000000000000000000000000000000000000000000000000000012421
00000000000000000000000000000000000000000000000000000000000000014410000000000011100000001110000000000
00000000000000000000000000000000000000000000000014140000000000000000000111100000000000001110000000000
007000000000007000000000000000000000000000000000000000000011100000000001111000000000000011100000000000
1100000000000000000000000000000000000114411000000000000000111000000000000000000000000000111000000000000
1111111111111111111000000000000000000000000000000000000000111000000000000000000000000000111000000000000
111111114141111111100000111111111100000000000000000000000011100000000000000000000000000011100000000000
111111111111111111100000111111111100000000000000000000000011100000000000000000000000000011100000000000
11111111111111111110000011111111110000000000000114410000001110000000000000000000000000000000000000000
11111111111111111110000011111111110000000000000000000000001110000000000000000000000000000000000000000
1111111111111111111000001111111111000000000000000000000000111000000000000000000000000000000000000000
1111111111111111111000001111111111000000000000000000000000111000000000000000000000000000000000000000
111111111111111111100000111111111100000000000000000000000011100000000000000000000000000000000000000
