0000000000000000000000000000000000000000000000000000
0000000000000000000000000000000000000000000000000000
0000000000000000000000000000000000000000000000000000
0000000000000000000000000000000000000000000000000000
0000000000000000000000000000000000000000000000000000
0000000000000000000000000000000000000000000000000000
0000000000000000000000000000000000000000000000000000
0000000000000000000000000000000000000000000000000000
0000000000000000000000000000000000000000000000000000
0000000000000000000000000000000000000000000000000000
0000001S000000000000000000000000000000000000000000000
0000000000000000000000000000000000000000000000000000
00000001000000000000000000000000000000000000000000000
0000011000000000000010000000000000000000000000000000
1111111111111111111111111000000000000000000000000000